.N <-
1328189L
.Random.seed <-
c(407L, -1873806854L, 581270826L, -1257013693L, -715410018L, 
551688427L, 1049270736L)
